'Queimado_e_Paracatu'
2
55
1940
'Q'
1
'D:\PROJETOS\TESTCASC\CASCPA~1\SB8_QU~1.VZC'
'D:\PROJETOS\TESTCASC\CASCPA~1\CHU_QU~1.DAT'
4.27 4.27 4.27 4.27 4.27 4.27 4.27 4.27 4.27 4.27 4.27 4.27
10 10 10 10 8 6 6 6 6 8 10 10
0 0 0 0 0 0 0 0 0 0 0 0
0.8
99.0 89.5 94.8 84.8 74.1 56.4 58.2 75.6 90.3 96.6 91.5 102.3
3
0 0.215 -0.0006 -0.0000005
628.5 33.4 100 1 10 1 40
10 20 2 3 4
1 20
'P'
1
'D:\PROJETOS\TESTCASC\CASCPA~1\SB13_P~1.VZC'
'D:\PROJETOS\TESTCASC\CASCPA~1\CHU_PA~1.DAT'
30.14 30.14 30.14 30.14 30.14 30.14 30.14 30.14 30.14 30.14 30.14 30.14
10 10 10 10 8 6 6 6 6 8 10 10
0 0 0 0 0 0 0 0 0 0 0 0
0.8
152.5 136.3 147.9 138.9 102.6 78.8 73.8 100.1 131.9 162.7 141.9 143.6
3
0 0.1699 -0.000009 0.0000000002
2600 500 100 1 10 1 40
1 1 1 1
1 20
