 ACUDE DE SAO JOSE DO JACUIPE : CORRECAO DE VAZOES, FALHAS:10%                  
            3
   -2.486359E-02    9.359588E-01           1       -2.310309           2
        2.058791           3
    0.000000E+00       58.731320        1.730000      466.539600
    9.497631E-01    1.916071E-02
          10
      364.220000       17.204400       16.052640
      327.971000        9.931387       11.975150
      291.722000        9.156306        9.322033
      255.473000        8.540255        7.753015
      219.224000        7.553115        6.927796
      182.975000        6.944712        6.506082
      146.726000        5.896873        6.147576
      110.477000        4.814107        5.511982
       74.228000        3.946313        4.259007
       37.979000        2.516190        2.048354
 ACUDE DE SAO JOSE DO JACUIPE : CORRECAO DE VAZOES, FALHAS:10%                  
            4
    7.485914E-02   -7.090224E-01           1        5.434821           2
      -11.560270           3        7.966440           4
    0.000000E+00       58.731320        1.730000      466.539600
    9.812199E-01    1.283332E-02
          10
      364.220000       17.204400       16.788380
      327.971000        9.931387       11.075240
      291.722000        9.156306        8.627181
      255.473000        8.540255        7.876434
      219.224000        7.553115        7.664516
      182.975000        6.944712        7.242172
      146.726000        5.896873        6.269380
      110.477000        4.814107        4.815353
       74.228000        3.946313        3.358545
       37.979000        2.516190        2.786643
