 ACUDE DE FRANCA: FALHAS=10%                                                    
            1
        5.340000        5.235275    1.658958E-01       19.099400
        1.080679    3.424464E-02       21.619310    6.850746E-01         501
        9.863946        1.300000
 ACUDE DE SAO JOSE DO JACUIPE : CORRECAO DE VAZOES, FALHAS:10%                  
           10
      364.220000       17.204400    5.451744E-01       29.293390
       31.486180    9.977369E-01        3.680758    1.166362E-01         121
    0.000000E+00        2.026154
      327.971000        9.931387    3.147067E-01       16.909860
       20.400240    6.464446E-01    4.203927E-01    1.332144E-02         119
    0.000000E+00        2.007631
      291.722000        9.156306    2.901458E-01       15.590160
       21.134780    6.697206E-01    4.609356E-01    1.460617E-02         119
    0.000000E+00        2.264693
      255.473000        8.540255    2.706243E-01       14.541230
       21.712120    6.880156E-01    4.996213E-01    1.583204E-02         119
    0.000000E+00        1.959776
      219.224000        7.553114    2.393437E-01       12.860450
       21.737480    6.888191E-01        1.461425    4.630975E-02         119
    0.000000E+00        2.561249
      182.975000        6.944712    2.200646E-01       11.824550
       21.051170    6.670714E-01        2.756128    8.733641E-02         119
    0.000000E+00        1.836222
      146.726000        5.896873    1.868606E-01       10.040420
       18.877670    5.981973E-01        5.977494    1.894153E-01         119
    0.000000E+00        2.068078
      110.477000        4.814107    1.525498E-01        8.196832
       15.967970    5.059945E-01        9.969937    3.159283E-01         119
    0.000000E+00        2.117757
       74.228000        3.946312    1.250511E-01        6.719264
       12.049430    3.818234E-01       14.756280    4.675984E-01         119
    0.000000E+00        1.959695
       37.979000        2.516190    7.973325E-02        4.284239
        6.967883    2.207989E-01       21.267950    6.739407E-01          60
    0.000000E+00        1.918548
