  33.150    
  75.220    
  95.720    
  25.160    
  15.640    
  9.8300    
  10.650    
  9.3500    
  8.3400    
  2.6200    
  34.270    
  36.700    
  44.500    
  23.460    
  50.710    
  72.640    
  16.200    
  11.670    
  11.140    
  9.4900    
  8.4800    
  9.8800    
  11.280    
  23.800    
  92.740    
  47.330    
  77.900    
  29.090    
  24.700    
  16.650    
  11.040    
  9.4400    
  8.9100    
  8.4300    
  42.050    
  96.200    
  288.05    
  126.49    
  80.880    
  44.410    
  30.230    
  21.420    
  16.210    
  10.600    
  9.0600    
  11.570    
  69.860    
  178.16    
  75.460    
  81.120    
  52.440    
  39.940    
  24.930    
  20.630    
  12.010    
  10.460    
  9.1600    
  10.410    
  24.930    
  62.870    
  138.41    
  180.65    
  108.61    
  364.66    
  63.960    
  33.590    
  23.800    
  19.390    
  15.960    
  26.730    
  59.490    
  135.94    
  279.60    
  59.100    
  68.070    
  71.990    
  41.140    
  28.990    
  23.140    
  19.500    
  11.870    
  5.4800    
  8.2900    
  43.710    
  42.520    
  55.970    
  91.250    
  119.04    
  32.140    
  20.750    
  15.980    
  10.940    
  10.510    
  9.2000    
  30.550    
  73.480    
  100.67    
  54.780    
  60.680    
  44.030    
  21.200    
  18.920    
  15.760    
  10.660    
  10.890    
  9.6800    
  14.250    
  220.91    
  71.200    
  339.78    
  122.53    
  50.860    
  38.370    
  23.920    
  18.020    
  15.640    
  14.830    
  15.520    
  31.790    
  50.710    
  46.940    
  46.290    
  44.130    
  44.220    
  17.460    
  11.420    
  11.040    
  10.220    
  9.1100    
  20.300    
  44.060    
  53.290    
  42.280    
  46.940    
  46.950    
  37.650    
  11.180    
  8.3900    
  8.4300    
  8.3400    
  5.2300    
  3.2100    
  2.0700    
  29.210    
  38.620    
  53.290    
  168.73    
  46.690    
  17.450    
  11.480    
  9.4500    
  8.2000    
  3.9500    
  2.2100    
  16.090    
  43.620    
  16.650    
  9.6400    
  38.340    
  34.260    
  11.620    
  8.8700    
  5.5900    
  3.4600    
  1.9900    
  8.8600    
  22.000    
  93.230    
  53.040    
  106.63    
  42.520    
  36.070    
  10.120    
  9.6400    
  8.7700    
  3.8200    
  3.6900    
  4.7800    
  10.070    
  47.390    
  28.990    
  36.260    
  20.520    
  44.750    
  17.000    
  9.3500    
  8.3700    
  4.4100    
  2.6100    
  8.1400    
  34.150    
  102.67    
  94.230    
  45.200    
  92.740    
  34.270    
  29.990    
  25.830    
  16.200    
  10.550    
  9.1100    
  8.8600    
  65.790    
  108.16    
  155.10    
  149.34    
  322.87    
  137.39    
  46.810    
  32.300    
  24.380    
  19.330    
  17.420    
  20.070    
  24.690    
  59.200    
  39.360    
  73.590    
  40.000    
  50.950    
  23.190    
  17.430    
  16.950    
  13.390    
  12.530    
  12.170    
  12.020    
  18.470    
  68.470    
  27.920    
  37.840    
  18.690    
  12.980    
  11.640    
  6.2700    
  7.9800    
  8.2200    
  10.310    
  40.350    
  31.460    
  69.800    
  45.960    
  117.59    
  36.850    
  21.610    
  16.980    
  13.800    
  9.7100    
  9.4600    
  11.890    
  33.460    
  71.530    
  131.67    
  78.550    
  36.990    
  22.660    
  16.250    
  15.170    
  10.650    
  9.4500    
  8.4300    
  6.9200    
  7.6000    
  27.760    
  74.310    
  88.720    
  67.990    
  17.530    
  15.280    
  8.2200    
  3.4700    
  3.7200    
  4.1400    
  10.780    
  16.580    
  168.94    
  95.970    
  84.520    
  23.110    
  14.150    
  20.170    
  15.980    
  11.190    
  9.6900    
  6.9900    
  4.8800    
  11.570    
  11.040    
  94.230    
  66.730    
  28.870    
  24.260    
  13.900    
  9.6500    
  7.8200    
  6.8300    
  6.7500    
  24.430    
  70.370    
  56.990    
  62.390    
  42.740    
  60.530    
  42.810    
  24.030    
  17.340    
  14.480    
  9.4600    
  9.2500    
  17.460    
  53.740    
  35.530    
  127.72    
  156.05    
  64.320    
  34.670    
  23.770    
  18.770    
  16.720    
  12.630    
  11.020    
  18.050    
  20.710    
  44.920    
  41.950    
  72.990    
  62.570    
  41.030    
  17.840    
  10.730    
  8.0300    
  8.4400    
  7.8800    
  8.0600    
  36.400    
  144.87    
  82.620    
  101.78    
  83.500    
  41.230    
  22.240    
  17.870    
  17.870    
  13.240    
  14.580    
  13.430    
  31.090    
  73.730    
  26.270    
  56.500    
  38.170    
  15.460    
  15.830    
  13.100    
  12.220    
  10.080    
  9.0600    
  14.230    
  80.030    
  103.66    
  186.48    
  94.260    
  59.920    
  41.000    
  17.770    
  17.710    
  14.040    
  12.590    
  11.320    
  31.000    
  54.310    
  94.730    
  16.060    
  17.390    
  23.690    
  16.260    
  8.2700    
  6.9800    
  6.6800    
  6.9600    
  5.4800    
  17.370    
  50.490    
  135.51    
  44.040    
  35.440    
  40.500    
  44.590    
  16.300    
  11.500    
  9.7200    
  7.4100    
  6.6300    
  14.040    
  76.570    
  83.670    
  93.460    
  48.480    
  96.080    
  50.000    
  16.690    
  14.680    
  12.660    
  9.5400    
  4.8800    
  48.270    
  128.00    
  82.710    
  58.730    
  26.160    
  164.99    
  94.910    
  34.570    
  21.440    
  17.600    
  14.160    
  12.420    
  15.620    
  20.830    
  30.210    
  60.420    
  31.770    
  15.840    
  41.500    
  14.800    
  10.970    
  8.8000    
  7.1600    
  6.7500    
  13.080    
  33.800    
  19.470    
  11.940    
  22.630    
  41.090    
  12.480    
  8.2300    
  6.8200    
  5.3100    
  4.4000    
  10.190    
  26.790    
  74.310    
  91.680    
  66.100    
  48.800    
  8.7900    
  28.900    
  12.180    
  8.8500    
  6.1800    
  5.0400    
  3.7300    
  12.650    
  24.230    
  52.260    
  94.730    
  113.53    
  153.52    
  85.180    
  35.620    
  37.210    
  17.550    
  13.300    
  11.540    
  21.230    
  25.600    
  90.560    
  179.30    
  311.75    
  159.75    
  75.490    
  40.400    
  21.890    
  21.440    
  17.590    
  16.700    
  16.210    
  54.570    
  47.590    
  140.93    
  192.77    
  67.520    
  101.39    
  39.940    
  30.170    
  21.920    
  17.990    
  15.840    
  14.880    
  31.040    
  84.740    
  232.88    
  70.740    
  63.320    
  70.020    
  35.720    
  23.560    
  16.910    
  15.440    
  10.190    
  31.910    
  114.18    
  100.25    
  173.31    
  105.50    
  178.33    
  98.740    
  67.210    
  31.680    
  39.940    
  32.150    
  26.560    
  25.440    
  26.580    
  54.170    
  189.22    
  188.60    
  186.43    
  145.06    
  53.280    
  38.180    
  30.340    
  24.480    
  20.750    
  25.190    
  113.41    
  132.42    
  67.570    
  33.350    
  38.530    
  90.730    
  23.620    
  24.150    
  19.270    
  14.110    
  20.730    
  19.250    
  19.000    
  92.630    
  147.55    
  61.550    
  127.07    
  51.190    
  24.650    
  18.600    
  12.590    
  13.930    
  10.340    
  18.510    
  27.300    
  81.590    
  143.30    
  98.860    
  40.190    
  24.290    
  17.370    
  14.980    
  14.440    
  12.120    
  9.4400    
  9.6000    
  8.1000    
  29.340    
  56.390    
  34.250    
  49.480    
  26.280    
  20.980    
  12.770    
  13.340    
  8.9700    
  8.2700    
  12.890    
  31.650    
  108.78    
  64.660    
  77.020    
  88.480    
  61.860    
  29.100    
  15.940    
  13.160    
  9.4300    
  8.3000    
  7.6300    
  24.870    
  143.15    
  66.410    
  43.190    
  42.740    
  19.700    
  15.100    
  8.5700    
  5.6800    
  5.2800    
  3.5800    
  24.250    
  60.140    
  268.11    
  223.31    
  40.920    
  41.060    
  25.580    
  24.050    
  10.710    
  13.200    
  27.820    
  9.6000    
  13.700    
  16.540    
  16.020    
  50.740    
  90.390    
  115.17    
  122.08    
  35.330    
  29.460    
  22.650    
  17.890    
  16.790    
  13.650    
  67.700    
  62.510    
  171.37    
  211.52    
  110.01    
  109.37    
  47.870    
  38.450    
  31.690    
  12.990    
  10.360    
  17.970    
  88.390    
  97.260    
  66.830    
  104.54    
  51.690    
  39.880    
  28.550    
  17.780    
  14.630    
  11.430    
  10.290    
  12.260    
  22.570    
  67.250    
  296.87    
  58.580    
  210.04    
  84.870    
  27.110    
  16.620    
  10.790    
  9.6600    
  5.8400    
  11.130    
  67.520    
  99.980    
