  14.670    
  31.170    
  37.750    
  11.540    
  7.6700    
  5.1300    
  5.8800    
  4.6700    
  3.5800    
  2.8700    
  15.130    
  15.920    
  21.250    
  10.830    
  23.210    
  30.460    
  7.8800    
  6.7500    
  6.2500    
  4.7500    
  3.7600    
  5.0400    
  6.3800    
  10.960    
  36.790    
  22.170    
  32.130    
  13.040    
  11.330    
  8.0400    
  6.1300    
  4.7900    
  4.2100    
  3.7800    
  17.880    
  38.080    
  93.330    
  47.500    
  32.960    
  18.830    
  13.540    
  10.000    
  7.8800    
  5.8300    
  4.4200    
  6.7100    
  29.250    
  62.920    
  31.380    
  33.170    
  23.830    
  17.170    
  11.420    
  9.6700    
  7.0400    
  5.6700    
  4.3800    
  5.6700    
  11.420    
  26.960    
  51.250    
  63.330    
  42.080    
  114.17    
  27.290    
  14.830    
  10.960    
  9.1700    
  7.7500    
  12.130    
  25.920    
  50.000    
  90.830    
  25.710    
  28.920    
  30.080    
  17.880    
  13.040    
  10.750    
  9.2500    
  6.8800    
  3.1700    
  3.6000    
  20.920    
  20.420    
  24.880    
  36.330    
  45.420    
  14.290    
  9.7500    
  7.7900    
  6.2100    
  5.7100    
  4.5000    
  13.630    
  30.500    
  39.460    
  24.330    
  26.420    
  18.920    
  9.9200    
  8.9600    
  7.7100    
  5.7900    
  6.0800    
  5.0400    
  7.0400    
  75.000    
  29.750    
  107.50    
  46.250    
  23.170    
  16.540    
  11.000    
  8.5800    
  7.6700    
  7.2900    
  7.5800    
  14.130    
  23.210    
  21.960    
  21.630    
  18.920    
  18.880    
  8.3800    
  6.5800    
  6.2500    
  5.4600    
  4.4200    
  9.5400    
  18.670    
  23.920    
  20.210    
  22.000    
  19.710    
  16.460    
  6.3300    
  3.5500    
  3.7800    
  3.4300    
  3.0300    
  3.1800    
  2.9600    
  13.080    
  16.710    
  23.880    
  60.000    
  21.790    
  8.3800    
  6.5400    
  4.7100    
  3.4000    
  2.4500    
  7.0100    
  7.8300    
  20.670    
  8.0400    
  4.8800    
  16.790    
  15.080    
  6.6300    
  4.1400    
  3.2000    
  2.1700    
  4.8900    
  4.2100    
  10.250    
  37.080    
  23.750    
  41.250    
  20.420    
  15.830    
  5.3300    
  4.9200    
  4.0800    
  2.3500    
  2.2500    
  2.8400    
  5.3300    
  21.880    
  13.040    
  15.790    
  9.6300    
  19.000    
  8.1000    
  5.3500    
  4.3600    
  3.2100    
  2.3300    
  3.2800    
  16.420    
  33.880    
  43.330    
  21.010    
  37.380    
  12.500    
  12.540    
  11.710    
  7.7700    
  5.5800    
  4.7600    
  4.5400    
  21.670    
  56.250    
  86.250    
  55.830    
  87.500    
  67.920    
  26.830    
  18.500    
  14.420    
  11.040    
  9.9700    
  9.4700    
  15.830    
  34.130    
  27.170    
  38.960    
  25.080    
  25.140    
  14.530    
  10.580    
  9.5800    
  7.5500    
  7.1100    
  8.2100    
  7.0000    
  11.780    
  32.040    
  18.100    
  36.000    
  13.320    
  8.3700    
  7.0500    
  5.8400    
  4.7500    
  3.7700    
  5.6300    
  18.880    
  15.170    
  35.460    
  39.580    
  48.330    
  21.580    
  13.960    
  9.8800    
  7.8800    
  5.8800    
  4.9300    
  4.8800    
  13.960    
  39.420    
  72.920    
  68.330    
  34.420    
  15.420    
  13.590    
  7.1700    
  5.3800    
  4.1700    
  3.2400    
  3.4000    
  6.0100    
  14.080    
  41.250    
  43.750    
  38.050    
  16.340    
  13.050    
  8.6500    
  6.1200    
  5.0900    
  5.4300    
  7.4200    
  13.210    
  64.170    
  64.580    
  44.760    
  20.140    
  12.770    
  9.8000    
  7.8800    
  6.2500    
  5.1300    
  4.1700    
  3.4100    
  7.1600    
  7.1600    
  41.670    
  46.300    
  18.250    
  13.710    
  8.6500    
  5.9500    
  4.9200    
  4.1400    
  3.1700    
  8.3800    
  22.500    
  22.420    
  34.290    
  30.790    
  47.500    
  26.040    
  12.750    
  9.4700    
  7.9900    
  5.5700    
  4.3800    
  12.720    
  23.760    
  25.420    
  58.750    
  67.500    
  34.750    
  22.060    
  15.570    
  11.450    
  9.1400    
  7.0000    
  3.7900    
  9.0300    
  16.810    
  30.480    
  28.540    
  32.290    
  27.610    
  20.540    
  11.080    
  8.0000    
  6.5000    
  5.2500    
  4.4600    
  3.7400    
  11.920    
  36.080    
  32.290    
  33.750    
  43.330    
  19.540    
  11.630    
  8.7500    
  8.7500    
  6.2900    
  6.7900    
  8.7500    
  12.290    
  27.040    
  20.860    
  22.500    
  19.880    
  10.080    
  8.4800    
  5.7900    
  4.3800    
  3.7400    
  3.0700    
  6.8200    
  34.170    
  41.210    
  61.960    
  52.920    
  31.250    
  18.580    
  11.790    
  9.0400    
  7.4600    
  6.1300    
  5.9700    
  11.960    
  15.880    
  60.830    
  7.6300    
  6.3800    
  10.380    
  6.0000    
  3.5700    
  4.0900    
  2.6700    
  2.4800    
  2.5400    
  6.9600    
  26.670    
  60.000    
  24.750    
  21.710    
  23.170    
  17.670    
  8.7900    
  6.7100    
  6.3800    
  4.5800    
  3.8400    
  8.7900    
  25.830    
  26.000    
  24.630    
  19.080    
  28.630    
  26.040    
  10.040    
  7.4200    
  6.3800    
  5.0000    
  4.1400    
  14.540    
  26.580    
  26.580    
  25.000    
  12.630    
  45.000    
  39.170    
  16.960    
  11.170    
  8.7100    
  7.3300    
  5.6700    
  9.4200    
  8.8300    
  13.540    
  25.380    
  21.080    
  8.9600    
  16.210    
  7.4200    
  5.3300    
  4.7100    
  3.7100    
  2.9900    
  6.5400    
  15.380    
  12.790    
  8.9600    
  11.630    
  16.250    
  7.0400    
  5.0400    
  3.7500    
  4.5700    
  2.3600    
  7.9400    
  8.5600    
  25.960    
  44.170    
  43.750    
  37.710    
  12.420    
  17.250    
  9.3300    
  7.1300    
  5.6300    
  4.2900    
  5.1700    
  7.0000    
  11.580    
  25.210    
  60.830    
  35.420    
  47.500    
  28.920    
  16.000    
  14.540    
  10.040    
  7.6700    
  6.6700    
  10.790    
  10.330    
  41.170    
  70.830    
  127.08    
  55.420    
  32.580    
  19.920    
  17.380    
  13.330    
  10.290    
  10.020    
  9.0400    
  19.920    
  19.310    
  65.000    
  81.670    
  36.710    
  40.360    
  19.750    
  15.630    
  12.790    
  9.5400    
  9.0300    
  8.7500    
  19.260    
  38.880    
  65.000    
  28.830    
  27.330    
  31.210    
  16.180    
  13.210    
  9.7100    
  8.5000    
  6.5800    
  13.430    
  47.080    
  47.500    
  71.250    
  48.330    
  68.560    
  45.000    
  22.830    
  18.000    
  14.580    
  11.780    
  9.8600    
  9.9100    
  11.010    
  21.890    
  71.530    
  92.190    
  56.250    
  41.130    
  22.830    
  17.720    
  13.460    
  10.880    
  10.000    
  19.170    
  39.540    
  63.330    
  31.330    
  18.980    
  17.710    
  27.330    
  11.630    
  9.2900    
  8.0000    
  7.4600    
  9.1300    
  7.9200    
  9.5800    
  34.210    
  57.920    
  47.920    
  41.000    
  23.540    
  15.130    
  11.040    
  9.3300    
  7.9200    
  7.2100    
  8.3300    
  12.080    
  25.000    
  65.000    
  43.160    
  24.330    
  14.080    
  10.830    
  8.3300    
  7.7100    
  7.6300    
  6.5000    
  5.6300    
  7.4200    
  16.000    
  18.760    
  13.790    
  14.630    
  11.670    
  8.6700    
  6.1300    
  6.1300    
  4.0000    
  4.9200    
  5.9600    
  9.9100    
  42.080    
  28.600    
  36.000    
  30.080    
  19.970    
  11.950    
  8.4200    
  7.2200    
  5.8400    
  4.4900    
  6.5000    
  9.9100    
  22.080    
  19.880    
  22.170    
  19.530    
  10.190    
  7.0500    
  5.7100    
  5.2100    
  4.5000    
  4.7100    
  6.8300    
  21.730    
  82.850    
  52.780    
  23.710    
  22.060    
  12.540    
  10.920    
  8.0400    
  8.5400    
  6.6700    
  7.2900    
  6.7800    
  8.0800    
  10.300    
  25.960    
  29.790    
  49.580    
  40.710    
  16.230    
  10.410    
  8.0700    
  7.3000    
  7.6100    
  9.7600    
  16.670    
  25.830    
  57.500    
  125.83    
  49.490    
  29.950    
  21.580    
  14.650    
  11.610    
  9.2500    
  8.7500    
  14.710    
  51.260    
  64.910    
  37.000    
  42.080    
  30.330    
  19.630    
  12.920    
  11.330    
  8.7100    
  7.9600    
  7.5000    
  7.9200    
  8.9600    
  31.420    
  66.000    
  26.380    
  68.990    
  28.290    
  15.620    
  12.290    
  10.080    
  8.1300    
  6.8300    
  5.8300    
  15.830    
  27.450    
